30 0.3125
90 0.25
150 0.3125
210 0.25
270 0.3125
330 0.5
390 0.4375
450 0.4375
510 0.5
570 0.3125
630 0.375
690 0.375
750 0.5625
810 0.5
870 0.375
930 0.375
990 0.5
1050 0.3125
1110 0.5
1170 0.375
1230 0.375
1290 0.5625
1350 0.5
1410 0.5
1470 0.5625
1530 0.5625
1590 0.375
1650 0.125
1710 0.1875
1770 0.25
1830 0.375
1890 0.4375
1950 0.3125
2010 0.3125
2070 0.375
2130 0.25
2190 0.25
2250 0.375
2310 0.25
2370 0.375
2430 0.3125
2490 0.375
2550 0.1875
2610 0.3125
2670 0.5
2730 0.5
2790 0.3125
2850 0.4375
2910 0.4375
2970 0.375
3030 0.4375
3090 0.5
3150 0.375
3210 0.1875
3270 0.25
3330 0.3125
3390 0.125
3450 0.25
3510 0.125
3570 0.25
3630 0.5625
3690 0.375
3750 0.375
3810 0.25
3870 0.375
3930 0.25
3990 0.25
4050 0.3125
4110 0.25
4170 0.125
4230 0.1875
4290 0.125
4350 0.0625
4410 0.0625
4470 0.1875
4530 0.1875
4590 0.125
4650 0.125
4710 0
4770 0
4830 0
4890 0
4950 0
5010 0
5070 0
5130 0
5190 0
5250 0
5310 0
5370 0
5430 0
5490 0
5550 0
5610 0
5670 0
5730 0
5790 0
5850 0
5910 0
5970 0
6030 0
