30 0.45
81 0.73
131 0.69
181 0.73
231 0.69
281 0.75
331 0.72
381 0.69
431 0.75
481 0.7
531 0.68
581 0.72
631 0.65
681 0.61
731 0.82
781 0.75
831 0.75
881 0.57
931 0.65
981 0.74
1031 0.66
1081 0.74
1131 0.79
1181 0.73
1231 0.71
1281 0.7
1331 0.63
1381 0.69
1431 0.73
1481 0.63
1531 0.74
1581 0.63
1631 0.7
1681 0.85
1731 0.78
1781 0.68
1831 0.72
1881 0.66
1931 0.77
1981 0.7
2031 0.74
2081 0.71
2131 0.73
2181 0.68
2231 0.63
2281 0.68
2331 0.75
2381 0.79
2431 0.74
2481 0.7
2531 0.77
2581 0.79
2631 0.64
2681 0.72
2731 0.75
2781 0.65
2831 0.56
2881 0.68
2931 0.68
2981 0.76
3031 0.67
3081 0.8
3131 0.6
3181 0.68
3231 0.74
3281 0.73
3331 0.71
3381 0.69
3431 0.66
3481 0.61
3531 0.7
3581 0.63
3631 0.72
3681 0.78
3731 0.79
3781 0.64
3831 0.64
3881 0.68
3931 0.61
3981 0.65
4031 0.65
4081 0.65
4131 0.68
4181 0.71
4231 0.58
4281 0.76
4331 0.72
4381 0.75
4431 0.67
4481 0.7
4531 0.63
4581 0.69
4631 0.71
4681 0.72
4731 0.74
4781 0.68
4831 0.68
4881 0.8
4931 0.74
4981 0.69
5031 0.72
5081 0.81
5131 0.7
5181 0.63
5231 0.67
5281 0.63
5331 0.7
5381 0.69
5431 0.83
5481 0.78
5531 0.66
5581 0.69
5631 0.74
5681 0.73
5731 0.74
5781 0.61
5831 0.65
5881 0.72
5931 0.83
5981 0.67
6031 0.66
6081 0.69
6131 0.72
6181 0.76
6231 0.66
6281 0.79
6331 0.7
6381 0.66
6431 0.72
6481 0.65
6531 0.67
6581 0.63
6631 0.78
6681 0.81
6731 0.73
6781 0.7
6831 0.64
6881 0.68
6931 0.73
6981 0.6
7031 0.64
7081 0.74
7131 0.65
7181 0.67
7231 0.69
7281 0.74
7331 0.6
7381 0.75
7431 0.74
7481 0.67
7531 0.7
7581 0.73
7631 0.68
7681 0.65
7731 0.65
7781 0.65
7831 0.63
7881 0.71
7931 0.7
7981 0.72
8031 0.78
8081 0.77
8131 0.72
8181 0.68
8231 0.59
8281 0.79
8331 0.67
8381 0.75
8431 0.79
8481 0.77
8531 0.73
8581 0.72
8631 0.73
8681 0.74
8731 0.59
8781 0.8
8831 0.78
8881 0.75
8931 0.74
8981 0.73
9031 0.76
9081 0.68
9131 0.64
9181 0.64
9231 0.66
9281 0.67
9331 0.71
9381 0.69
9431 0.59
9481 0.68
9531 0.7
9581 0.73
9631 0.79
9681 0.78
9731 0.69
9781 0.69
9831 0.68
9881 0.69
9931 0.68
9981 0.68
10031 0.62
10081 0.61
10131 0.59
10181 0.59
10231 0.55
10281 0.67
10331 0.64
10381 0.63
10431 0.7
10481 0.71
10531 0.74
10581 0.77
10631 0.7
10681 0.69
10731 0.69
10781 0.64
10831 0.67
10881 0.65
10931 0.67
10981 0.74
11031 0.72
11081 0.65
11131 0.6
11181 0.76
11231 0.76
11281 0.63
11331 0.72
11381 0.76
11431 0.73
11481 0.74
11531 0.69
11581 0.68
11631 0.67
11681 0.73
11731 0.71
11781 0.65
11831 0.7
11881 0.68
11931 0.68
11981 0.8
12031 0.67
12081 0.72
12131 0.67
12181 0.79
12231 0.68
12281 0.56
12331 0.67
12381 0.67
12431 0.73
12481 0.62
12531 0.62
12581 0.64
12631 0.77
12681 0.74
12731 0.78
12781 0.7
12831 0.74
12881 0.67
12931 0.69
12981 0.8
13031 0.73
13081 0.72
13131 0.61
13181 0.68
13231 0.7
13281 0.68
13331 0.75
13381 0.69
13431 0.72
13481 0.68
13531 0.69
13581 0.77
13631 0.68
13681 0.78
13731 0.83
13781 0.68
13831 0.67
13881 0.66
13931 0.67
13981 0.68
14031 0.61
14081 0.64
14131 0.62
14181 0.68
14231 0.76
14281 0.6
14331 0.61
14381 0.67
14431 0.71
14481 0.69
14531 0.71
14581 0.75
14631 0.6
14681 0.67
14731 0.64
14781 0.67
14831 0.75
14881 0.75
14931 0.68
14981 0.56
15031 0.78
15081 0.74
15131 0.7
15181 0.71
15231 0.69
15281 0.7
15331 0.7
15381 0.69
15431 0.69
15481 0.69
15531 0.71
15581 0.84
15631 0.73
15681 0.75
15731 0.69
15781 0.74
15831 0.69
15881 0.55
15931 0.58
15981 0.52
16031 0.66
16081 0.62
16131 0.71
16181 0.74
16231 0.69
16281 0.65
16331 0.75
16381 0.81
16431 0.7
16481 0.7
16531 0.61
16581 0.67
16631 0.77
16681 0.6
16731 0.65
16781 0.74
16831 0.75
16881 0.77
16931 0.79
16981 0.74
17031 0.71
17081 0.73
17131 0.67
17181 0.73
17231 0.73
17281 0.75
17331 0.67
17381 0.77
17431 0.75
17481 0.67
17531 0.7
17581 0.69
17631 0.79
17681 0.71
17731 0.6
17781 0.76
17831 0.72
17881 0.59
17931 0.73
17981 0.71
18031 0.62
18081 0.63
18131 0.64
18181 0.69
18231 0.66
18281 0.65
18331 0.75
18381 0.71
18431 0.77
18481 0.72
18531 0.75
18581 0.67
18631 0.7
18681 0.65
18731 0.68
18781 0.63
18831 0.74
18881 0.63
18931 0.71
18981 0.72
19031 0.8
19081 0.67
19131 0.72
19181 0.72
19231 0.62
19281 0.6
19331 0.85
19381 0.74
19431 0.72
19481 0.72
19531 0.67
19581 0.68
19631 0.65
19681 0.71
19731 0.65
19781 0.67
19831 0.71
19881 0.83
19931 0.64
19981 0.74
20031 0.69
20081 0.69
20131 0.72
20181 0.76
20231 0.76
20281 0.8
20331 0.74
20381 0.8
20431 0.71
20481 0.7
20531 0.78
20581 0.74
20631 0.69
20681 0.6
20731 0.64
20781 0.7
20831 0.73
20881 0.72
20931 0.74
20981 0.74
21031 0.76
21081 0.73
21131 0.69
21181 0.75
21231 0.74
21281 0.75
21331 0.61
21381 0.65
21431 0.66
21481 0.72
21531 0.69
21581 0.68
21631 0.64
21681 0.76
21731 0.73
21781 0.71
21831 0.71
21881 0.78
21931 0.83
21981 0.8
22031 0.71
22081 0.7
22131 0.73
22181 0.79
22231 0.7
22281 0.79
22331 0.69
22381 0.65
22431 0.63
22481 0.7
22531 0.7
22581 0.63
22631 0.71
22681 0.71
22731 0.76
22781 0.64
22831 0.71
22881 0.63
22931 0.7
22981 0.73
23031 0.68
23081 0.54
23131 0.63
23181 0.68
23231 0.77
23281 0.71
23331 0.64
23381 0.72
23431 0.72
23481 0.73
23531 0.66
23581 0.75
23631 0.68
23681 0.69
23731 0.73
23781 0.74
23831 0.7
23881 0.72
23931 0.7
23981 0.7
24031 0.67
24081 0.8
24131 0.8
24181 0.73
24231 0.72
24281 0.78
24331 0.77
24381 0.67
24431 0.7
24481 0.69
24531 0.68
24581 0.68
24631 0.64
24681 0.51
24731 0.58
24781 0.65
24831 0.66
24881 0.66
24931 0.68
24981 0.78
25031 0.75
25081 0.69
25131 0.77
25181 0.7
25231 0.62
25281 0.75
25331 0.71
25381 0.75
25431 0.69
25481 0.86
25531 0.75
25581 0.76
25631 0.72
25681 0.69
25731 0.68
25781 0.66
25831 0.72
25881 0.68
25931 0.84
25981 0.75
26031 0.7
26081 0.72
26131 0.57
26181 0.78
26231 0.71
26281 0.77
26331 0.66
26381 0.68
26431 0.67
26481 0.68
26531 0.73
26581 0.69
26631 0.75
26681 0.67
26731 0.73
26781 0.8
26831 0.73
26881 0.7
26931 0.78
26981 0.65
27031 0.63
27081 0.7
27131 0.75
27181 0.66
27231 0.75
27281 0.77
27331 0.67
27381 0.7
27431 0.58
27481 0.76
27531 0.77
27581 0.6
27631 0.68
27681 0.72
27731 0.65
27781 0.75
27831 0.64
27881 0.68
27931 0.62
27981 0.8
28031 0.69
28081 0.82
28131 0.69
28181 0.74
28231 0.73
28281 0.67
28331 0.74
28381 0.68
28431 0.63
28481 0.61
28531 0.68
28581 0.7
28631 0.67
28681 0.75
28731 0.7
28781 0.64
28831 0.79
28881 0.79
28931 0.62
28981 0.62
29031 0.66
29081 0.62
29131 0.7
29181 0.73
29231 0.59
29281 0.69
29331 0.68
29381 0.71
29431 0.59
29481 0.71
29531 0.66
29581 0.67
29631 0.69
29681 0.73
29731 0.69
29781 0.68
29831 0.71
29881 0.63
29931 0.7
29981 0.74
30031 0.71
30081 0.75
30131 0.73
30181 0.71
30231 0.72
30281 0.71
30331 0.76
30381 0.72
30431 0.69
30481 0.67
30531 0.67
30581 0.76
30631 0.76
30681 0.78
30731 0.67
30781 0.75
30831 0.64
30881 0.68
30931 0.72
30981 0.68
31031 0.74
31081 0.74
31131 0.69
31181 0.72
31231 0.67
31281 0.72
31331 0.77
31381 0.56
31431 0.65
31481 0.62
31531 0.62
31581 0.68
31631 0.71
31681 0.75
31731 0.69
31781 0.66
31831 0.66
31881 0.67
31931 0.71
31981 0.7
32031 0.8
32081 0.61
32131 0.65
32181 0.62
32231 0.68
32281 0.71
32331 0.71
32381 0.74
32431 0.69
32481 0.69
32531 0.65
32581 0.75
32631 0.62
32681 0.67
32731 0.64
32781 0.74
32831 0.71
32881 0.63
32931 0.59
32981 0.66
33031 0.57
33081 0.61
33131 0.7
33181 0.63
33231 0.65
33281 0.76
33331 0.71
33381 0.7
33431 0.83
33481 0.77
33531 0.7
33581 0.74
33631 0.73
33681 0.77
33731 0.76
33781 0.65
33831 0.69
33881 0.73
33931 0.78
33981 0.74
34031 0.69
34081 0.78
34131 0.73
34181 0.77
34231 0.71
34281 0.69
34331 0.74
34381 0.71
34431 0.73
34481 0.72
34531 0.62
34581 0.63
34631 0.68
34681 0.69
34731 0.73
34781 0.73
34831 0.7
34881 0.67
34931 0.7
34981 0.7
35031 0.69
35081 0.69
35131 0.69
35181 0.77
35231 0.64
35281 0.74
35331 0.63
35381 0.65
35431 0.69
35481 0.82
35531 0.58
35581 0.69
35631 0.69
35681 0.68
35731 0.65
35781 0.66
35831 0.76
35881 0.65
35931 0.68
35981 0.76
36031 0.7
36081 0.66
36131 0.66
36181 0.76
36231 0.69
36281 0.74
36331 0.68
36381 0.65
36431 0.67
36481 0.68
36531 0.64
36581 0.74
36631 0.68
36681 0.77
36731 0.6
36781 0.65
36831 0.59
36881 0.69
36931 0.58
36981 0.69
37031 0.76
37081 0.71
37131 0.77
37181 0.7
37231 0.66
37281 0.63
37331 0.66
37381 0.62
37431 0.61
37481 0.73
37531 0.77
37581 0.78
37631 0.75
37681 0.71
37731 0.68
37781 0.7
37831 0.84
37881 0.73
37931 0.79
37981 0.7
38031 0.71
38081 0.69
38131 0.61
38181 0.71
38231 0.58
38281 0.58
38331 0.71
38381 0.66
38431 0.68
38481 0.62
38531 0.64
38581 0.68
38631 0.79
38681 0.77
38731 0.6
38781 0.72
38831 0.76
38881 0.7
38931 0.76
38981 0.71
39031 0.66
39081 0.58
39131 0.75
39181 0.63
39231 0.68
39281 0.73
39331 0.67
39381 0.59
39431 0.65
39481 0.67
39531 0.64
39581 0.77
39631 0.65
39681 0.76
39731 0.64
39781 0.71
39831 0.73
39881 0.67
39931 0.64
39981 0.61
40031 0.7
40081 0.7
40131 0.72
40181 0.72
40231 0.63
40281 0.57
40331 0.77
40381 0.81
40431 0.71
40481 0.61
40531 0.76
40581 0.67
40631 0.68
40681 0.74
40731 0.75
40781 0.72
40831 0.79
40881 0.66
40931 0.77
40981 0.67
41031 0.69
41081 0.76
41131 0.72
41181 0.68
41231 0.63
41281 0.66
41331 0.7
41381 0.74
41431 0.7
41481 0.81
41531 0.67
41581 0.63
41631 0.61
41681 0.74
41731 0.72
41781 0.73
41831 0.75
41881 0.68
41931 0.69
41981 0.64
42031 0.54
42081 0.68
42131 0.71
42181 0.71
42231 0.7
42281 0.63
42331 0.71
42381 0.69
42431 0.77
42481 0.75
42531 0.61
42581 0.73
42631 0.73
42681 0.69
42731 0.71
42781 0.74
42831 0.73
42881 0.71
42931 0.59
42981 0.6
43031 0.53
43081 0.68
43131 0.68
43181 0.7
43231 0.73
43281 0.64
43331 0.72
43381 0.73
43431 0.72
43481 0.67
43531 0.7
43581 0.66
43631 0.7
43681 0.72
43731 0.58
43781 0.61
43831 0.74
43881 0.72
43931 0.61
43981 0.66
44031 0.62
44081 0.69
44131 0.7
44181 0.68
44231 0.75
44281 0.62
44331 0.71
44381 0.65
44431 0.67
44481 0.76
44531 0.72
44581 0.63
44631 0.71
44681 0.69
44731 0.66
44781 0.67
44831 0.7
44881 0.7
44931 0.66
44981 0.79
45031 0.72
45081 0.69
45131 0.66
45181 0.58
45231 0.67
45281 0.63
45331 0.73
45381 0.74
45431 0.68
45481 0.72
45531 0.76
45581 0.76
45631 0.74
45681 0.65
45731 0.62
45781 0.69
45831 0.7
45881 0.58
45931 0.64
45981 0.67
46031 0.69
46081 0.74
46131 0.66
46181 0.57
46231 0.67
46281 0.63
46331 0.65
46381 0.68
46431 0.73
46481 0.7
46531 0.67
46581 0.7
46631 0.72
46681 0.79
46731 0.82
46781 0.63
46831 0.75
46881 0.69
46931 0.63
46981 0.64
47031 0.68
47081 0.79
47131 0.63
47181 0.84
47231 0.83
47281 0.74
47331 0.72
47381 0.74
47431 0.81
47481 0.72
47531 0.72
47581 0.68
47631 0.69
47681 0.69
47731 0.7
47781 0.78
47831 0.79
47881 0.73
47931 0.72
47981 0.68
48031 0.63
48081 0.66
48131 0.7
48181 0.71
48231 0.61
48281 0.71
48331 0.69
48381 0.75
48431 0.79
48481 0.75
48531 0.69
48581 0.76
48631 0.72
48681 0.74
48731 0.72
48781 0.75
48831 0.74
48881 0.71
48931 0.73
48981 0.62
49031 0.7
49081 0.73
49131 0.64
49181 0.71
49231 0.69
49281 0.7
49331 0.73
49381 0.66
49431 0.68
49481 0.65
49531 0.65
49581 0.76
49631 0.65
49681 0.72
49731 0.69
49781 0.82
49831 0.71
49881 0.64
49931 0.68
49981 0.7
50031 0.67
