30 0.45
81 0.59
131 0.61
181 0.75
231 0.77
281 0.75
331 0.79
381 0.83
431 0.84
481 0.81
531 0.78
581 0.82
631 0.8
681 0.8
731 0.8
781 0.85
831 0.76
881 0.72
931 0.73
981 0.78
1031 0.76
1081 0.74
1131 0.71
1181 0.82
1231 0.81
1281 0.87
1331 0.86
1381 0.83
1431 0.85
1481 0.85
1531 0.8
1581 0.76
1631 0.73
1681 0.7
1731 0.75
1781 0.75
1831 0.75
1881 0.77
1931 0.81
1981 0.79
2031 0.85
2081 0.86
2131 0.85
2181 0.82
2231 0.78
2281 0.71
2331 0.76
2381 0.79
2431 0.72
2481 0.77
2531 0.79
2581 0.8
2631 0.82
2681 0.78
2731 0.74
2781 0.78
2831 0.86
2881 0.79
2931 0.75
2981 0.82
3031 0.79
3081 0.81
3131 0.8
3181 0.82
3231 0.79
3281 0.81
3331 0.76
3381 0.79
3431 0.73
3481 0.78
3531 0.74
3581 0.75
3631 0.75
3681 0.83
3731 0.83
3781 0.81
3831 0.86
3881 0.81
3931 0.8
3981 0.79
4031 0.72
4081 0.79
4131 0.77
4181 0.8
4231 0.79
4281 0.78
4331 0.81
4381 0.78
4431 0.77
4481 0.75
4531 0.78
4581 0.79
4631 0.81
4681 0.79
4731 0.75
4781 0.78
4831 0.78
4881 0.83
4931 0.8
4981 0.86
5031 0.82
5081 0.85
5131 0.87
5181 0.86
5231 0.86
5281 0.78
5331 0.77
5381 0.77
5431 0.83
5481 0.73
5531 0.75
5581 0.74
5631 0.75
5681 0.73
5731 0.72
5781 0.73
5831 0.75
5881 0.69
5931 0.66
5981 0.73
6031 0.73
6081 0.78
6131 0.76
6181 0.64
6231 0.66
6281 0.73
6331 0.72
6381 0.7
6431 0.73
6481 0.75
6531 0.75
6581 0.77
6631 0.77
6681 0.83
6731 0.79
6781 0.88
6831 0.87
6881 0.84
6931 0.8
6981 0.85
7031 0.82
7081 0.78
7131 0.79
7181 0.73
7231 0.78
7281 0.65
7331 0.66
7381 0.67
7431 0.69
7481 0.69
7531 0.66
7581 0.67
7631 0.78
7681 0.7
7731 0.76
7781 0.82
7831 0.77
7881 0.75
7931 0.78
7981 0.76
8031 0.78
8081 0.76
8131 0.82
8181 0.79
8231 0.87
8281 0.76
8331 0.76
8381 0.83
8431 0.74
8481 0.7
8531 0.78
8581 0.73
8631 0.83
8681 0.87
8731 0.83
8781 0.87
8831 0.83
8881 0.77
8931 0.76
8981 0.76
9031 0.77
9081 0.82
9131 0.77
9181 0.83
9231 0.86
9281 0.88
9331 0.82
9381 0.82
9431 0.83
9481 0.77
9531 0.8
9581 0.78
9631 0.78
9681 0.8
9731 0.83
9781 0.79
9831 0.72
9881 0.79
9931 0.86
9981 0.84
10031 0.78
10081 0.83
10131 0.82
10181 0.74
10231 0.78
10281 0.8
10331 0.74
10381 0.75
10431 0.85
10481 0.86
10531 0.82
10581 0.79
10631 0.78
10681 0.79
10731 0.81
10781 0.83
10831 0.82
10881 0.78
10931 0.79
10981 0.74
11031 0.79
11081 0.74
11131 0.8
11181 0.74
11231 0.73
11281 0.75
11331 0.79
11381 0.75
11431 0.71
11481 0.73
11531 0.7
11581 0.77
11631 0.78
11681 0.76
11731 0.8
11781 0.84
11831 0.8
11881 0.85
11931 0.84
11981 0.87
12031 0.87
12081 0.79
12131 0.84
12181 0.8
12231 0.84
12281 0.83
12331 0.81
12381 0.81
12431 0.82
12481 0.82
12531 0.74
12581 0.75
12631 0.84
12681 0.82
12731 0.87
12781 0.84
12831 0.81
12881 0.81
12931 0.8
12981 0.8
13031 0.71
13081 0.77
13131 0.79
13181 0.79
13231 0.84
13281 0.74
13331 0.76
13381 0.79
13431 0.75
13481 0.75
13531 0.79
13581 0.77
13631 0.81
13681 0.74
13731 0.81
13781 0.8
13831 0.83
13881 0.87
13931 0.82
13981 0.77
14031 0.79
14081 0.78
14131 0.8
14181 0.79
14231 0.68
14281 0.8
14331 0.73
14381 0.73
14431 0.73
14481 0.73
14531 0.82
14581 0.83
14631 0.87
14681 0.75
14731 0.82
14781 0.72
14831 0.81
14881 0.77
14931 0.79
14981 0.85
15031 0.78
15081 0.77
15131 0.73
15181 0.74
15231 0.71
15281 0.74
15331 0.68
15381 0.72
15431 0.84
15481 0.82
15531 0.78
15581 0.78
15631 0.8
15681 0.83
15731 0.81
15781 0.73
15831 0.76
15881 0.74
15931 0.74
15981 0.72
16031 0.8
16081 0.75
16131 0.8
16181 0.72
16231 0.72
16281 0.73
16331 0.71
16381 0.75
16431 0.81
16481 0.78
16531 0.81
16581 0.88
16631 0.81
16681 0.72
16731 0.81
16781 0.8
16831 0.78
16881 0.86
16931 0.8
16981 0.78
17031 0.82
17081 0.77
17131 0.83
17181 0.78
17231 0.77
17281 0.72
17331 0.74
17381 0.72
17431 0.72
17481 0.87
17531 0.75
17581 0.7
17631 0.7
17681 0.65
17731 0.72
17781 0.77
17831 0.77
17881 0.8
17931 0.78
17981 0.77
18031 0.71
18081 0.73
18131 0.83
18181 0.85
18231 0.86
18281 0.82
18331 0.76
18381 0.69
18431 0.68
18481 0.81
18531 0.84
18581 0.87
18631 0.85
18681 0.78
18731 0.78
18781 0.77
18831 0.81
18881 0.76
18931 0.7
18981 0.74
19031 0.76
19081 0.74
19131 0.81
19181 0.81
19231 0.78
19281 0.79
19331 0.73
19381 0.75
19431 0.74
19481 0.7
19531 0.75
19581 0.71
19631 0.75
19681 0.8
19731 0.8
19781 0.81
19831 0.81
19881 0.82
19931 0.84
19981 0.84
20031 0.86
20081 0.8
20131 0.76
20181 0.83
20231 0.83
20281 0.83
20331 0.77
20381 0.79
20431 0.79
20481 0.76
20531 0.75
20581 0.81
20631 0.79
20681 0.87
20731 0.79
20781 0.79
20831 0.82
20881 0.78
20931 0.73
20981 0.77
21031 0.78
21081 0.74
21131 0.76
21181 0.81
21231 0.81
21281 0.84
21331 0.79
21381 0.82
21431 0.77
21481 0.76
21531 0.8
21581 0.83
21631 0.82
21681 0.72
21731 0.77
21781 0.8
21831 0.74
21881 0.64
21931 0.66
21981 0.75
22031 0.76
22081 0.73
22131 0.74
22181 0.83
22231 0.69
22281 0.73
22331 0.74
22381 0.75
22431 0.67
22481 0.65
22531 0.73
22581 0.75
22631 0.73
22681 0.88
22731 0.75
22781 0.87
22831 0.77
22881 0.76
22931 0.73
22981 0.75
23031 0.73
23081 0.8
23131 0.76
23181 0.81
23231 0.77
23281 0.76
23331 0.75
23381 0.75
23431 0.84
23481 0.83
23531 0.78
23581 0.75
23631 0.81
23681 0.85
23731 0.82
23781 0.81
23831 0.72
23881 0.8
23931 0.8
23981 0.82
24031 0.77
24081 0.83
24131 0.8
24181 0.8
24231 0.85
24281 0.84
24331 0.85
24381 0.83
24431 0.84
24481 0.91
24531 0.87
24581 0.83
24631 0.79
24681 0.8
24731 0.81
24781 0.81
24831 0.81
24881 0.77
24931 0.84
24981 0.78
25031 0.81
25081 0.8
25131 0.75
25181 0.81
25231 0.79
25281 0.81
25331 0.77
25381 0.74
25431 0.71
25481 0.74
25531 0.77
25581 0.78
25631 0.77
25681 0.83
25731 0.79
25781 0.85
25831 0.85
25881 0.8
25931 0.85
25981 0.86
26031 0.81
26081 0.75
26131 0.76
26181 0.75
26231 0.83
26281 0.82
26331 0.76
26381 0.79
26431 0.84
26481 0.84
26531 0.81
26581 0.81
26631 0.77
26681 0.83
26731 0.82
26781 0.77
26831 0.81
26881 0.76
26931 0.78
26981 0.73
27031 0.71
27081 0.75
27131 0.71
27181 0.71
27231 0.8
27281 0.8
27331 0.79
27381 0.85
27431 0.79
27481 0.77
27531 0.84
27581 0.75
27631 0.75
27681 0.79
27731 0.75
27781 0.77
27831 0.79
27881 0.73
27931 0.7
27981 0.78
28031 0.81
28081 0.78
28131 0.8
28181 0.78
28231 0.84
28281 0.82
28331 0.86
28381 0.76
28431 0.78
28481 0.84
28531 0.9
28581 0.85
28631 0.84
28681 0.81
28731 0.82
28781 0.8
28831 0.84
28881 0.81
28931 0.82
28981 0.85
29031 0.81
29081 0.82
29131 0.84
29181 0.8
29231 0.81
29281 0.76
29331 0.75
29381 0.75
29431 0.85
29481 0.8
29531 0.8
29581 0.77
29631 0.79
29681 0.71
29731 0.76
29781 0.8
29831 0.76
29881 0.83
29931 0.81
29981 0.83
30031 0.82
30081 0.84
30131 0.78
30181 0.83
30231 0.87
30281 0.85
30331 0.77
30381 0.8
30431 0.81
30481 0.71
30531 0.78
30581 0.78
30631 0.84
30681 0.83
30731 0.85
30781 0.85
30831 0.79
30881 0.76
30931 0.76
30981 0.75
31031 0.75
31081 0.79
31131 0.77
31181 0.76
31231 0.73
31281 0.77
31331 0.76
31381 0.73
31431 0.77
31481 0.73
31531 0.71
31581 0.7
31631 0.72
31681 0.82
31731 0.8
31781 0.81
31831 0.82
31881 0.81
31931 0.81
31981 0.82
32031 0.84
32081 0.79
32131 0.72
32181 0.75
32231 0.76
32281 0.81
32331 0.84
32381 0.84
32431 0.83
32481 0.84
32531 0.82
32581 0.84
32631 0.83
32681 0.78
32731 0.79
32781 0.77
32831 0.79
32881 0.81
32931 0.79
32981 0.83
33031 0.85
33081 0.78
33131 0.79
33181 0.82
33231 0.84
33281 0.78
33331 0.78
33381 0.82
33431 0.8
33481 0.82
33531 0.82
33581 0.77
33631 0.75
33681 0.72
33731 0.77
33781 0.74
33831 0.83
33881 0.78
33931 0.76
33981 0.74
34031 0.83
34081 0.75
34131 0.79
34181 0.78
34231 0.78
34281 0.77
34331 0.75
34381 0.77
34431 0.85
34481 0.81
34531 0.77
34581 0.7
34631 0.74
34681 0.72
34731 0.71
34781 0.78
34831 0.82
34881 0.85
34931 0.77
34981 0.8
35031 0.78
35081 0.78
35131 0.84
35181 0.77
35231 0.77
35281 0.81
35331 0.71
35381 0.73
35431 0.79
35481 0.75
35531 0.77
35581 0.87
35631 0.85
35681 0.8
35731 0.83
35781 0.79
35831 0.77
35881 0.76
35931 0.83
35981 0.76
36031 0.71
36081 0.77
36131 0.78
36181 0.76
36231 0.85
36281 0.82
36331 0.76
36381 0.72
36431 0.79
36481 0.75
36531 0.75
36581 0.81
36631 0.83
36681 0.84
36731 0.77
36781 0.76
36831 0.78
36881 0.77
36931 0.82
36981 0.77
37031 0.76
37081 0.8
37131 0.79
37181 0.81
37231 0.89
37281 0.86
37331 0.83
37381 0.8
37431 0.76
37481 0.75
37531 0.79
37581 0.75
37631 0.77
37681 0.75
37731 0.74
37781 0.78
37831 0.8
37881 0.76
37931 0.79
37981 0.84
38031 0.85
38081 0.85
38131 0.78
38181 0.8
38231 0.79
38281 0.8
38331 0.85
38381 0.77
38431 0.79
38481 0.79
38531 0.74
38581 0.66
38631 0.74
38681 0.76
38731 0.75
38781 0.86
38831 0.8
38881 0.76
38931 0.75
38981 0.83
39031 0.89
39081 0.85
39131 0.87
39181 0.79
39231 0.76
39281 0.75
39331 0.74
39381 0.69
39431 0.67
39481 0.66
39531 0.75
39581 0.74
39631 0.81
39681 0.8
39731 0.82
39781 0.9
39831 0.86
39881 0.8
39931 0.81
39981 0.77
40031 0.82
40081 0.76
40131 0.76
40181 0.77
40231 0.69
40281 0.81
40331 0.81
40381 0.8
40431 0.77
40481 0.8
40531 0.75
40581 0.74
40631 0.8
40681 0.82
40731 0.7
40781 0.76
40831 0.78
40881 0.79
40931 0.8
40981 0.82
41031 0.8
41081 0.81
41131 0.76
41181 0.82
41231 0.82
41281 0.86
41331 0.83
41381 0.78
41431 0.76
41481 0.76
41531 0.8
41581 0.8
41631 0.77
41681 0.8
41731 0.81
41781 0.81
41831 0.79
41881 0.82
41931 0.89
41981 0.86
42031 0.81
42081 0.86
42131 0.82
42181 0.78
42231 0.8
42281 0.76
42331 0.78
42381 0.7
42431 0.78
42481 0.81
42531 0.79
42581 0.76
42631 0.76
42681 0.81
42731 0.78
42781 0.76
42831 0.76
42881 0.76
42931 0.75
42981 0.77
43031 0.72
43081 0.74
43131 0.78
43181 0.82
43231 0.76
43281 0.77
43331 0.77
43381 0.74
43431 0.73
43481 0.71
43531 0.79
43581 0.75
43631 0.75
43681 0.73
43731 0.74
43781 0.64
43831 0.72
43881 0.68
43931 0.69
43981 0.74
44031 0.78
44081 0.71
44131 0.71
44181 0.75
44231 0.81
44281 0.7
44331 0.7
44381 0.76
44431 0.78
44481 0.75
44531 0.79
44581 0.78
44631 0.86
44681 0.84
44731 0.76
44781 0.82
44831 0.77
44881 0.8
44931 0.73
44981 0.72
45031 0.72
45081 0.69
45131 0.79
45181 0.76
45231 0.78
45281 0.76
45331 0.79
45381 0.7
45431 0.7
45481 0.68
45531 0.75
45581 0.78
45631 0.79
45681 0.77
45731 0.76
45781 0.72
45831 0.74
45881 0.76
45931 0.83
45981 0.79
46031 0.79
46081 0.82
46131 0.76
46181 0.8
46231 0.75
46281 0.74
46331 0.77
46381 0.73
46431 0.76
46481 0.79
46531 0.87
46581 0.8
46631 0.83
46681 0.8
46731 0.78
46781 0.76
46831 0.8
46881 0.83
46931 0.86
46981 0.82
47031 0.9
47081 0.89
47131 0.88
47181 0.85
47231 0.79
47281 0.8
47331 0.85
47381 0.85
47431 0.81
47481 0.78
47531 0.84
47581 0.81
47631 0.79
47681 0.8
47731 0.8
47781 0.77
47831 0.78
47881 0.77
47931 0.78
47981 0.75
48031 0.76
48081 0.71
48131 0.69
48181 0.8
48231 0.74
48281 0.79
48331 0.77
48381 0.78
48431 0.77
48481 0.78
48531 0.87
48581 0.82
48631 0.81
48681 0.8
48731 0.75
48781 0.74
48831 0.83
48881 0.85
48931 0.77
48981 0.76
49031 0.78
49081 0.81
49131 0.85
49181 0.83
49231 0.75
49281 0.84
49331 0.73
49381 0.75
49431 0.73
49481 0.7
49531 0.7
49581 0.73
49631 0.8
49681 0.78
49731 0.74
49781 0.79
49831 0.78
49881 0.74
49931 0.77
49981 0.75
50031 0.74
