30 0.45
81 0.84
131 0.87
181 0.77
231 0.82
281 0.84
331 0.82
381 0.89
431 0.74
481 0.81
531 0.86
581 0.84
631 0.82
681 0.81
731 0.77
781 0.83
831 0.84
881 0.83
931 0.81
981 0.92
1031 0.78
1081 0.89
1131 0.79
1181 0.8
1231 0.82
1281 0.86
1331 0.85
1381 0.85
1431 0.8
1481 0.9
1531 0.78
1581 0.81
1631 0.84
1681 0.82
1731 0.86
1781 0.88
1831 0.85
1881 0.83
1931 0.8
1981 0.83
2031 0.8
2081 0.87
2131 0.9
2181 0.8
2231 0.82
2281 0.89
2331 0.88
2381 0.83
2431 0.84
2481 0.87
2531 0.86
2581 0.81
2631 0.81
2681 0.77
2731 0.74
2781 0.82
2831 0.8
2881 0.86
2931 0.79
2981 0.84
3031 0.84
3081 0.92
3131 0.89
3181 0.89
3231 0.83
3281 0.87
3331 0.88
3381 0.84
3431 0.83
3481 0.77
3531 0.88
3581 0.84
3631 0.84
3681 0.81
3731 0.86
3781 0.83
3831 0.8
3881 0.77
3931 0.87
3981 0.81
4031 0.85
4081 0.9
4131 0.85
4181 0.81
4231 0.86
4281 0.79
4331 0.79
4381 0.85
4431 0.85
4481 0.86
4531 0.79
4581 0.82
4631 0.88
4681 0.86
4731 0.85
4781 0.79
4831 0.8
4881 0.86
4931 0.9
4981 0.78
5031 0.84
5081 0.88
5131 0.84
5181 0.81
5231 0.82
5281 0.82
5331 0.85
5381 0.88
5431 0.83
5481 0.78
5531 0.82
5581 0.86
5631 0.8
5681 0.76
5731 0.87
5781 0.88
5831 0.82
5881 0.77
5931 0.76
5981 0.78
6031 0.82
6081 0.81
6131 0.84
6181 0.87
6231 0.88
6281 0.81
6331 0.83
6381 0.82
6431 0.8
6481 0.88
6531 0.9
6581 0.89
6631 0.85
6681 0.87
6731 0.85
6781 0.83
6831 0.87
6881 0.86
6931 0.82
6981 0.78
7031 0.83
7081 0.83
7131 0.81
7181 0.81
7231 0.79
7281 0.82
7331 0.88
7381 0.79
7431 0.81
7481 0.82
7531 0.83
7581 0.76
7631 0.73
7681 0.82
7731 0.73
7781 0.84
7831 0.79
7881 0.86
7931 0.85
7981 0.79
8031 0.76
8081 0.83
8131 0.89
8181 0.86
8231 0.87
8281 0.82
8331 0.87
8381 0.87
8431 0.86
8481 0.8
8531 0.86
8581 0.86
8631 0.8
8681 0.88
8731 0.83
8781 0.89
8831 0.89
8881 0.84
8931 0.82
8981 0.8
9031 0.85
9081 0.81
9131 0.86
9181 0.81
9231 0.86
9281 0.86
9331 0.8
9381 0.91
9431 0.84
9481 0.81
9531 0.86
9581 0.81
9631 0.79
9681 0.86
9731 0.78
9781 0.84
9831 0.79
9881 0.85
9931 0.92
9981 0.81
10031 0.93
10081 0.88
10131 0.85
10181 0.82
10231 0.8
10281 0.83
10331 0.78
10381 0.81
10431 0.78
10481 0.82
10531 0.84
10581 0.82
10631 0.8
10681 0.83
10731 0.86
10781 0.83
10831 0.8
10881 0.84
10931 0.78
10981 0.84
11031 0.8
11081 0.8
11131 0.81
11181 0.88
11231 0.84
11281 0.8
11331 0.85
11381 0.83
11431 0.81
11481 0.81
11531 0.81
11581 0.84
11631 0.83
11681 0.82
11731 0.88
11781 0.81
11831 0.84
11881 0.8
11931 0.83
11981 0.75
12031 0.85
12081 0.78
12131 0.83
12181 0.85
12231 0.8
12281 0.86
12331 0.84
12381 0.81
12431 0.86
12481 0.81
12531 0.86
12581 0.88
12631 0.83
12681 0.83
12731 0.87
12781 0.85
12831 0.86
12881 0.77
12931 0.87
12981 0.87
13031 0.86
13081 0.83
13131 0.8
13181 0.88
13231 0.82
13281 0.79
13331 0.81
13381 0.78
13431 0.84
13481 0.83
13531 0.86
13581 0.8
13631 0.79
13681 0.84
13731 0.8
13781 0.73
13831 0.83
13881 0.85
13931 0.81
13981 0.81
14031 0.78
14081 0.85
14131 0.81
14181 0.76
14231 0.89
14281 0.8
14331 0.82
14381 0.83
14431 0.83
14481 0.88
14531 0.87
14581 0.8
14631 0.72
14681 0.79
14731 0.83
14781 0.83
14831 0.86
14881 0.76
14931 0.85
14981 0.82
15031 0.88
15081 0.83
15131 0.83
15181 0.81
15231 0.83
15281 0.9
15331 0.85
15381 0.85
15431 0.8
15481 0.83
15531 0.8
15581 0.85
15631 0.74
15681 0.78
15731 0.84
15781 0.88
15831 0.87
15881 0.87
15931 0.86
15981 0.84
16031 0.77
16081 0.82
16131 0.8
16181 0.88
16231 0.82
16281 0.85
16331 0.85
16381 0.86
16431 0.82
16481 0.91
16531 0.82
16581 0.81
16631 0.84
16681 0.85
16731 0.89
16781 0.84
16831 0.81
16881 0.83
16931 0.9
16981 0.93
17031 0.88
17081 0.86
17131 0.84
17181 0.82
17231 0.86
17281 0.9
17331 0.84
17381 0.82
17431 0.83
17481 0.9
17531 0.8
17581 0.86
17631 0.8
17681 0.91
17731 0.82
17781 0.85
17831 0.9
17881 0.9
17931 0.83
17981 0.84
18031 0.89
18081 0.86
18131 0.86
18181 0.81
18231 0.83
18281 0.82
18331 0.8
18381 0.83
18431 0.81
18481 0.84
18531 0.92
18581 0.8
18631 0.78
18681 0.84
18731 0.83
18781 0.79
18831 0.75
18881 0.75
18931 0.85
18981 0.84
19031 0.84
19081 0.8
19131 0.83
19181 0.8
19231 0.75
19281 0.8
19331 0.85
19381 0.85
19431 0.81
19481 0.85
19531 0.81
19581 0.8
19631 0.87
19681 0.82
19731 0.86
19781 0.9
19831 0.89
19881 0.9
19931 0.86
19981 0.82
20031 0.81
20081 0.79
20131 0.9
20181 0.86
20231 0.88
20281 0.86
20331 0.81
20381 0.77
20431 0.85
20481 0.87
20531 0.86
20581 0.92
20631 0.86
20681 0.87
20731 0.72
20781 0.82
20831 0.82
20881 0.85
20931 0.81
20981 0.86
21031 0.87
21081 0.86
21131 0.84
21181 0.81
21231 0.8
21281 0.8
21331 0.86
21381 0.83
21431 0.86
21481 0.82
21531 0.87
21581 0.83
21631 0.91
21681 0.84
21731 0.75
21781 0.83
21831 0.79
21881 0.81
21931 0.87
21981 0.87
22031 0.82
22081 0.84
22131 0.84
22181 0.87
22231 0.85
22281 0.81
22331 0.81
22381 0.8
22431 0.82
22481 0.76
22531 0.87
22581 0.79
22631 0.8
22681 0.85
22731 0.83
22781 0.8
22831 0.86
22881 0.83
22931 0.8
22981 0.81
23031 0.79
23081 0.82
23131 0.89
23181 0.89
23231 0.85
23281 0.78
23331 0.8
23381 0.79
23431 0.84
23481 0.8
23531 0.84
23581 0.87
23631 0.87
23681 0.78
23731 0.84
23781 0.85
23831 0.81
23881 0.88
23931 0.87
23981 0.83
24031 0.81
24081 0.82
24131 0.79
24181 0.85
24231 0.79
24281 0.85
24331 0.78
24381 0.87
24431 0.82
24481 0.91
24531 0.86
24581 0.89
24631 0.85
24681 0.78
24731 0.86
24781 0.83
24831 0.81
24881 0.77
24931 0.82
24981 0.85
25031 0.78
25081 0.79
25131 0.8
25181 0.84
25231 0.8
25281 0.82
25331 0.85
25381 0.89
25431 0.89
25481 0.84
25531 0.76
25581 0.83
25631 0.81
25681 0.8
25731 0.81
25781 0.84
25831 0.84
25881 0.76
25931 0.81
25981 0.82
26031 0.75
26081 0.88
26131 0.79
26181 0.85
26231 0.89
26281 0.8
26331 0.83
26381 0.85
26431 0.84
26481 0.83
26531 0.88
26581 0.9
26631 0.78
26681 0.75
26731 0.79
26781 0.75
26831 0.83
26881 0.81
26931 0.77
26981 0.85
27031 0.81
27081 0.84
27131 0.79
27181 0.76
27231 0.85
27281 0.8
27331 0.84
27381 0.82
27431 0.89
27481 0.87
27531 0.81
27581 0.81
27631 0.82
27681 0.87
27731 0.87
27781 0.8
27831 0.74
27881 0.79
27931 0.87
27981 0.81
28031 0.81
28081 0.76
28131 0.8
28181 0.8
28231 0.86
28281 0.83
28331 0.84
28381 0.77
28431 0.81
28481 0.88
28531 0.87
28581 0.84
28631 0.85
28681 0.9
28731 0.82
28781 0.81
28831 0.77
28881 0.83
28931 0.81
28981 0.85
29031 0.81
29081 0.84
29131 0.84
29181 0.83
29231 0.83
29281 0.87
29331 0.8
29381 0.81
29431 0.85
29481 0.85
29531 0.73
29581 0.76
29631 0.83
29681 0.75
29731 0.78
29781 0.8
29831 0.77
29881 0.83
29931 0.86
29981 0.77
30031 0.83
30081 0.8
30131 0.85
30181 0.82
30231 0.73
30281 0.82
30331 0.84
30381 0.8
30431 0.82
30481 0.84
30531 0.85
30581 0.81
30631 0.86
30681 0.83
30731 0.81
30781 0.71
30831 0.76
30881 0.82
30931 0.8
30981 0.84
31031 0.81
31081 0.89
31131 0.85
31181 0.79
31231 0.9
31281 0.81
31331 0.79
31381 0.83
31431 0.85
31481 0.83
31531 0.8
31581 0.84
31631 0.73
31681 0.87
31731 0.84
31781 0.87
31831 0.75
31881 0.84
31931 0.78
31981 0.86
32031 0.84
32081 0.86
32131 0.8
32181 0.76
32231 0.81
32281 0.8
32331 0.77
32381 0.79
32431 0.88
32481 0.85
32531 0.76
32581 0.83
32631 0.83
32681 0.81
32731 0.87
32781 0.75
32831 0.8
32881 0.82
32931 0.78
32981 0.82
33031 0.87
33081 0.84
33131 0.85
33181 0.86
33231 0.83
33281 0.87
33331 0.78
33381 0.79
33431 0.83
33481 0.81
33531 0.8
33581 0.84
33631 0.86
33681 0.84
33731 0.81
33781 0.88
33831 0.87
33881 0.79
33931 0.84
33981 0.87
34031 0.82
34081 0.85
34131 0.83
34181 0.83
34231 0.81
34281 0.79
34331 0.78
34381 0.81
34431 0.84
34481 0.87
34531 0.81
34581 0.81
34631 0.84
34681 0.85
34731 0.76
34781 0.82
34831 0.84
34881 0.87
34931 0.77
34981 0.8
35031 0.85
35081 0.83
35131 0.84
35181 0.81
35231 0.81
35281 0.78
35331 0.74
35381 0.85
35431 0.91
35481 0.88
35531 0.88
35581 0.82
35631 0.8
35681 0.85
35731 0.82
35781 0.74
35831 0.73
35881 0.85
35931 0.89
35981 0.84
36031 0.85
36081 0.82
36131 0.82
36181 0.83
36231 0.82
36281 0.84
36331 0.74
36381 0.87
36431 0.76
36481 0.74
36531 0.81
36581 0.76
36631 0.8
36681 0.84
36731 0.76
36781 0.82
36831 0.87
36881 0.86
36931 0.81
36981 0.83
37031 0.79
37081 0.81
37131 0.82
37181 0.8
37231 0.77
37281 0.82
37331 0.81
37381 0.78
37431 0.87
37481 0.8
37531 0.86
37581 0.82
37631 0.82
37681 0.83
37731 0.74
37781 0.85
37831 0.8
37881 0.77
37931 0.78
37981 0.83
38031 0.84
38081 0.86
38131 0.79
38181 0.83
38231 0.85
38281 0.86
38331 0.78
38381 0.8
38431 0.8
38481 0.82
38531 0.76
38581 0.84
38631 0.87
38681 0.86
38731 0.82
38781 0.83
38831 0.81
38881 0.88
38931 0.89
38981 0.83
39031 0.83
39081 0.83
39131 0.86
39181 0.89
39231 0.82
39281 0.78
39331 0.77
39381 0.82
39431 0.79
39481 0.85
39531 0.82
39581 0.81
39631 0.83
39681 0.82
39731 0.85
39781 0.89
39831 0.78
39881 0.84
39931 0.83
39981 0.85
40031 0.78
40081 0.89
40131 0.82
40181 0.83
40231 0.84
40281 0.87
40331 0.83
40381 0.81
40431 0.77
40481 0.92
40531 0.85
40581 0.89
40631 0.82
40681 0.8
40731 0.82
40781 0.85
40831 0.85
40881 0.87
40931 0.82
40981 0.82
41031 0.84
41081 0.88
41131 0.9
41181 0.9
41231 0.87
41281 0.82
41331 0.87
41381 0.84
41431 0.83
41481 0.88
41531 0.79
41581 0.85
41631 0.85
41681 0.84
41731 0.89
41781 0.84
41831 0.82
41881 0.81
41931 0.9
41981 0.92
42031 0.79
42081 0.88
42131 0.84
42181 0.76
42231 0.88
42281 0.73
42331 0.8
42381 0.85
42431 0.86
42481 0.85
42531 0.8
42581 0.83
42631 0.84
42681 0.78
42731 0.75
42781 0.77
42831 0.85
42881 0.86
42931 0.82
42981 0.84
43031 0.83
43081 0.81
43131 0.86
43181 0.85
43231 0.88
43281 0.85
43331 0.76
43381 0.81
43431 0.79
43481 0.82
43531 0.86
43581 0.83
43631 0.82
43681 0.82
43731 0.79
43781 0.87
43831 0.79
43881 0.85
43931 0.81
43981 0.82
44031 0.81
44081 0.85
44131 0.77
44181 0.8
44231 0.83
44281 0.88
44331 0.87
44381 0.73
44431 0.82
44481 0.81
44531 0.9
44581 0.85
44631 0.88
44681 0.82
44731 0.8
44781 0.86
44831 0.89
44881 0.73
44931 0.88
44981 0.83
45031 0.88
45081 0.78
45131 0.85
45181 0.87
45231 0.79
45281 0.81
45331 0.81
45381 0.86
45431 0.89
45481 0.85
45531 0.78
45581 0.88
45631 0.83
45681 0.83
45731 0.81
45781 0.77
45831 0.82
45881 0.87
45931 0.85
45981 0.84
46031 0.87
46081 0.84
46131 0.83
46181 0.81
46231 0.83
46281 0.84
46331 0.81
46381 0.75
46431 0.86
46481 0.82
46531 0.83
46581 0.87
46631 0.87
46681 0.85
46731 0.95
46781 0.89
46831 0.77
46881 0.75
46931 0.83
46981 0.85
47031 0.82
47081 0.9
47131 0.85
47181 0.85
47231 0.87
47281 0.8
47331 0.75
47381 0.81
47431 0.84
47481 0.86
47531 0.8
47581 0.83
47631 0.83
47681 0.86
47731 0.77
47781 0.89
47831 0.91
47881 0.85
47931 0.84
47981 0.87
48031 0.83
48081 0.8
48131 0.91
48181 0.87
48231 0.77
48281 0.83
48331 0.83
48381 0.87
48431 0.83
48481 0.78
48531 0.77
48581 0.87
48631 0.86
48681 0.8
48731 0.83
48781 0.76
48831 0.79
48881 0.83
48931 0.85
48981 0.87
49031 0.89
49081 0.86
49131 0.82
49181 0.8
49231 0.77
49281 0.86
49331 0.83
49381 0.85
49431 0.81
49481 0.83
49531 0.8
49581 0.78
49631 0.81
49681 0.85
49731 0.89
49781 0.85
49831 0.9
49881 0.87
49931 0.85
49981 0.81
50031 0.8
